9.794400215148925781e+00 8.507100677490234375e+01
1.070983314514160156e+01 9.356889343261718750e+01
1.195947170257568359e+01 1.024645309448242188e+02
1.356497859954833984e+01 1.113120574951171875e+02
1.553176403045654297e+01 1.201004486083984375e+02
1.785537719726562500e+01 1.287765808105468750e+02
2.058049392700195312e+01 1.373267211914062500e+02
2.383137512207031250e+01 1.457011718750000000e+02
2.770604515075683594e+01 1.537799682617187500e+02
3.223509216308593750e+01 1.615303955078125000e+02
3.731009674072265625e+01 1.689057617187500000e+02
4.285887527465820312e+01 1.758951873779296875e+02
4.892316818237304688e+01 1.824526977539062500e+02
5.537197113037109375e+01 1.885745086669921875e+02
6.220886611938476562e+01 1.942159118652343750e+02
6.950025177001953125e+01 1.992819519042968750e+02
7.725697326660156250e+01 2.035610351562500000e+02
8.548791503906250000e+01 2.068752746582031250e+02
9.408183288574218750e+01 2.091648712158203125e+02
1.028828811645507812e+02 2.105218811035156250e+02
1.117902603149414062e+02 2.109189300537109375e+02
1.206922454833984375e+02 2.102969665527343750e+02
1.294517364501953125e+02 2.086524200439453125e+02
1.379636383056640625e+02 2.059953155517578125e+02
1.461127166748046875e+02 2.023777313232421875e+02
1.537764739990234375e+02 1.978983917236328125e+02
1.609708709716796875e+02 1.926731262207031250e+02
1.677144927978515625e+02 1.869003601074218750e+02
1.740409393310546875e+02 1.806606140136718750e+02
1.799640197753906250e+02 1.740289459228515625e+02
1.854800720214843750e+02 1.670106964111328125e+02
1.904532165527343750e+02 1.595882263183593750e+02
1.948243713378906250e+02 1.517675323486328125e+02
1.985294799804687500e+02 1.436019439697265625e+02
2.015852203369140625e+02 1.351760711669921875e+02
2.041046600341796875e+02 1.265410614013671875e+02
2.061972045898437500e+02 1.177912292480468750e+02
2.079177551269531250e+02 1.089696044921875000e+02
2.093140106201171875e+02 1.000716705322265625e+02
2.103554992675781250e+02 9.114470672607421875e+01
2.109952239990234375e+02 8.179380798339843750e+01
8.955219268798828125e+01 8.111666107177734375e+01
8.618939208984375000e+01 8.723282623291015625e+01
8.253881072998046875e+01 9.366425323486328125e+01
8.037381744384765625e+01 1.006489334106445312e+02
8.188685607910156250e+01 1.075561294555664062e+02
8.739071655273437500e+01 1.121043243408203125e+02
9.441088104248046875e+01 1.142037658691406250e+02
1.016444396972656250e+02 1.154184494018554688e+02
1.089885864257812500e+02 1.159894866943359375e+02
1.163455581665039062e+02 1.154378051757812500e+02
1.235807037353515625e+02 1.141877365112304688e+02
1.305664978027343750e+02 1.120852508544921875e+02
1.361881561279296875e+02 1.076973495483398438e+02
1.378945617675781250e+02 1.008636093139648438e+02
1.358235473632812500e+02 9.388255310058593750e+01
1.320456237792968750e+02 8.753090667724609375e+01
1.283007049560546875e+02 8.083167266845703125e+01
6.936200714111328125e+01 1.427937622070312500e+02
7.453191375732421875e+01 1.397366790771484375e+02
8.035344696044921875e+01 1.377313690185546875e+02
8.643061828613281250e+01 1.361705780029296875e+02
9.269001007080078125e+01 1.351083679199218750e+02
9.910420989990234375e+01 1.346019287109375000e+02
1.056076049804687500e+02 1.345346832275390625e+02
1.121439056396484375e+02 1.344695892333984375e+02
1.186798400878906250e+02 1.342872314453125000e+02
1.251774368286132812e+02 1.343544769287109375e+02
1.315627899169921875e+02 1.349873657226562500e+02
1.377190856933593750e+02 1.362461700439453125e+02
1.431866760253906250e+02 1.385319671630859375e+02
1.462356872558593750e+02 1.426011810302734375e+02
1.453979949951171875e+02 1.478613739013671875e+02
1.416944885253906250e+02 1.527446594238281250e+02
1.368263244628906250e+02 1.568514556884765625e+02
1.313548126220703125e+02 1.601229858398437500e+02
1.254563751220703125e+02 1.625095367431640625e+02
1.192067947387695312e+02 1.640280151367187500e+02
1.127080459594726562e+02 1.647201538085937500e+02
1.061487350463867188e+02 1.646267852783203125e+02
9.974554443359375000e+01 1.637211151123046875e+02
9.365034484863281250e+01 1.619347229003906250e+02
8.794678497314453125e+01 1.592674713134765625e+02
8.266970825195312500e+01 1.558643646240234375e+02
7.780052947998046875e+01 1.519094390869140625e+02
7.333074951171875000e+01 1.475505828857421875e+02
7.432276916503906250e+01 1.433633575439453125e+02
7.913128662109375000e+01 1.425857696533203125e+02
8.413346862792968750e+01 1.422563018798828125e+02
8.921014404296875000e+01 1.421093750000000000e+02
9.435287475585937500e+01 1.421340179443359375e+02
9.954457855224609375e+01 1.423164825439453125e+02
1.047600784301757812e+02 1.425208129882812500e+02
1.099958190917968750e+02 1.425568695068359375e+02
1.152342605590820312e+02 1.423452606201171875e+02
1.204495544433593750e+02 1.420408020019531250e+02
1.256294097900390625e+02 1.417843322753906250e+02
1.307443084716796875e+02 1.416672821044921875e+02
1.357323303222656250e+02 1.417751922607421875e+02
1.403551940917968750e+02 1.423791351318359375e+02
1.424947357177734375e+02 1.443761444091796875e+02
1.383646697998046875e+02 1.463654632568359375e+02
1.336463928222656250e+02 1.477935943603515625e+02
1.287571105957031250e+02 1.489275360107421875e+02
1.237352981567382812e+02 1.498316650390625000e+02
1.186081161499023438e+02 1.505152587890625000e+02
1.134027862548828125e+02 1.509485321044921875e+02
1.081636505126953125e+02 1.510279235839843750e+02
1.029645385742187500e+02 1.507031097412109375e+02
9.785279083251953125e+01 1.500272521972656250e+02
9.284836578369140625e+01 1.491088867187500000e+02
8.796287536621093750e+01 1.480060119628906250e+02
8.321567535400390625e+01 1.467592620849609375e+02
7.863145446777343750e+01 1.452791595458984375e+02
1.345872192382812500e+02 5.086032104492187500e+01
1.370130310058593750e+02 4.776675033569335938e+01
1.401125030517578125e+02 4.520589447021484375e+01
1.435507202148437500e+02 4.317476272583007812e+01
1.472394714355468750e+02 4.170832443237304688e+01
1.511520996093750000e+02 4.082875823974609375e+01
1.552373352050781250e+02 4.057606506347656250e+01
1.593085174560546875e+02 4.097569274902343750e+01
1.631914978027343750e+02 4.196206665039062500e+01
1.667912139892578125e+02 4.362017822265625000e+01
1.698497924804687500e+02 4.612430191040039062e+01
1.695928497314453125e+02 4.972024536132812500e+01
1.662049560546875000e+02 5.169400024414062500e+01
1.624223480224609375e+02 5.291703033447265625e+01
1.584394989013671875e+02 5.361968612670898438e+01
1.543303222656250000e+02 5.386449813842773438e+01
1.502004699707031250e+02 5.373621368408203125e+01
1.461255340576171875e+02 5.332220077514648438e+01
1.421048278808593750e+02 5.275458526611328125e+01
1.381621398925781250e+02 5.214514541625976562e+01
8.084693908691406250e+01 5.031621170043945312e+01
7.856748199462890625e+01 4.738784408569335938e+01
7.538127899169921875e+01 4.516660308837890625e+01
7.188915252685546875e+01 4.353343200683593750e+01
6.815257263183593750e+01 4.250107192993164062e+01
6.422437286376953125e+01 4.207036590576171875e+01
6.024415588378906250e+01 4.223810195922851562e+01
5.638768768310546875e+01 4.298086166381835938e+01
5.274888610839843750e+01 4.429423904418945312e+01
4.939537811279296875e+01 4.623764419555664062e+01
4.651986312866210938e+01 4.879319000244140625e+01
4.819188690185546875e+01 5.135050964355468750e+01
5.155488204956054688e+01 5.315511703491210938e+01
5.523665237426757812e+01 5.430577468872070312e+01
5.911606597900390625e+01 5.491954040527343750e+01
6.311753463745117188e+01 5.507446670532226562e+01
6.712642669677734375e+01 5.485430145263671875e+01
7.107376098632812500e+01 5.436525726318359375e+01
7.497178649902343750e+01 5.374238204956054688e+01
7.877851867675781250e+01 5.293442535400390625e+01
1.260461883544921875e+02 2.759421920776367188e+01
1.299603729248046875e+02 2.213753509521484375e+01
1.360399017333984375e+02 1.900324630737304688e+01
1.426226501464843750e+02 1.704813957214355469e+01
1.494418792724609375e+02 1.581347942352294922e+01
1.563821868896484375e+02 1.509246158599853516e+01
1.633504333496093750e+02 1.487953758239746094e+01
1.702380523681640625e+02 1.550753402709960938e+01
1.768106994628906250e+02 1.730063438415527344e+01
1.828010711669921875e+02 2.049544334411621094e+01
1.875649719238281250e+02 2.526378822326660156e+01
1.856343078613281250e+02 2.985687637329101562e+01
1.792093505859375000e+02 2.864371299743652344e+01
1.726375885009765625e+02 2.703201484680175781e+01
1.658323822021484375e+02 2.621718215942382812e+01
1.588934478759765625e+02 2.628232002258300781e+01
1.519896392822265625e+02 2.704296302795410156e+01
1.451785125732421875e+02 2.828513336181640625e+01
1.384316101074218750e+02 2.970136451721191406e+01
1.316540985107421875e+02 3.050718879699707031e+01
8.744217681884765625e+01 2.703556632995605469e+01
8.334825897216796875e+01 2.204244613647460938e+01
7.709246063232421875e+01 1.927917289733886719e+01
7.037784576416015625e+01 1.764582633972167969e+01
6.345247268676757812e+01 1.670225524902343750e+01
5.645169448852539062e+01 1.631965065002441406e+01
4.949658203125000000e+01 1.660111236572265625e+01
4.276250076293945312e+01 1.790077400207519531e+01
3.648376464843750000e+01 2.050074577331542969e+01
3.093459129333496094e+01 2.452659225463867188e+01
2.661312294006347656e+01 2.980506324768066406e+01
2.942814254760742188e+01 3.286940765380859375e+01
3.586135482788085938e+01 3.161431884765625000e+01
4.227659606933593750e+01 2.959069252014160156e+01
4.894395065307617188e+01 2.826183891296386719e+01
5.583999633789062500e+01 2.785903358459472656e+01
6.279971694946289062e+01 2.826099777221679688e+01
6.970883941650390625e+01 2.921323776245117188e+01
7.656383514404296875e+01 3.043313217163085938e+01
8.346965789794921875e+01 3.102237319946289062e+01
